-3 0.12
4 0.12
4 0.12
4 0.12
5 0.12
4 0.12
2 0.12
4 0.12
4 0.12
4 0.12
0 0.12
4 0.12
-3 0.12
4 0.12
4 0.12
4 0.12
5 0.12
4 0.12
2 0.12
4 0.12
4 0.12
4 0.12
0 0.12
4 0.12
-3 0.12
4 0.12
4 0.12
4 0.12
5 0.12
4 0.12
2 0.12
4 0.12
4 0.12
4 0.12
0 0.12
4 0.12
2 0.12
4 0.12
-1 0.12
4 0.12
0 0.12
4 0.12
2 0.12
4 0.12
-1 0.12
4 0.12
0 0.12
4 0.12
-3 0.12
4 0.12
4 0.12
4 0.12
5 0.12
4 0.12
2 0.12
4 0.12
4 0.12
4 0.12
0 0.12
4 0.12
-3 0.12
4 0.12
4 0.12
4 0.12
5 0.12
4 0.12
2 0.12
4 0.12
4 0.12
4 0.12
0 0.12
4 0.12
-3 0.12
4 0.12
4 0.12
4 0.12
5 0.12
4 0.12
2 0.12
4 0.12
4 0.12
4 0.12
0 0.12
4 0.12
2 0.12
4 0.12
-1 0.12
4 0.12
0 0.12
4 0.12
-3 0.12
4 0.12
-5 0.12
4 0.12
-7 0.12
4 0.12
-8 0.12
4 0.12
4 0.12
4 0.12
5 0.12
4 0.12
2 0.12
4 0.12
4 0.12
4 0.12
-1 0.12
4 0.12
-8 0.12
4 0.12
4 0.12
4 0.12
5 0.12
4 0.12
2 0.12
4 0.12
4 0.12
4 0.12
-1 0.12
4 0.12
-8 0.12
4 0.12
-1 0.12
4 0.12
2 0.12
4 0.12
4 0.12
4 0.12
5 0.12
4 0.12
7 0.12
4 0.12
4 0.12
4 0.12
5 0.12
4 0.12
2 0.12
4 0.12
4 0.12
4 0.12
0 0.12
4 0.12
-1 0.12
4 0.12
-8 0.12
4 0.12
4 0.12
4 0.12
5 0.12
4 0.12
2 0.12
4 0.12
4 0.12
4 0.12
-1 0.12
4 0.12
-8 0.12
4 0.12
4 0.12
4 0.12
5 0.12
4 0.12
2 0.12
4 0.12
4 0.12
4 0.12
-1 0.12
4 0.12
-8 0.12
4 0.12
2 0.12
4 0.12
4 0.12
4 0.12
5 0.12
4 0.12
7 0.12
4 0.12
4 0.12
4 0.12
5 0.12
4 0.12
2 0.12
4 0.12
4 0.12
4 0.12
0 0.12
4 0.12
2 0.12
4 0.12
-1 0.12
4 0.12
-8 0.12
-3 0.08
4 0.08
16 0.08
4 0.08
4 0.08
16 0.08
5 0.08
4 0.08
16 0.08
2 0.08
4 0.08
16 0.08
4 0.08
4 0.08
16 0.08
0 0.08
4 0.08
16 0.08
-3 0.08
4 0.08
16 0.08
4 0.08
4 0.08
16 0.08
5 0.08
4 0.08
16 0.08
2 0.08
4 0.08
16 0.08
4 0.08
4 0.08
16 0.08
0 0.08
4 0.08
16 0.08
-3 0.08
4 0.08
16 0.08
4 0.08
4 0.08
16 0.08
5 0.08
4 0.08
16 0.08
2 0.08
4 0.08
16 0.08
4 0.08
4 0.08
16 0.08
0 0.08
4 0.08
16 0.08
2 0.08
4 0.08
16 0.08
-1 0.08
4 0.08
16 0.08
0 0.08
4 0.08
16 0.08
2 0.08
4 0.08
16 0.08
-1 0.08
4 0.08 
16 0.08
0 0.08
4 0.08
16 0.08
-3 0.08
4 0.08
16 0.08
4 0.08
4 0.08
16 0.08
5 0.08
4 0.08
16 0.08
2 0.08
4 0.08
16 0.08
4 0.08
4 0.08
16 0.08
0 0.08
4 0.08
16 0.08

-3 0.08
4 0.08
16 0.08
4 0.08
4 0.08
16 0.08
5 0.08
4 0.08
16 0.08
2 0.08
4 0.08
16 0.08
4 0.08
4 0.08
16 0.08
0 0.08
4 0.08
16 0.08
-3 0.08
4 0.08
16 0.08
4 0.08
4 0.08
16 0.08
5 0.08
4 0.08
16 0.08
2 0.08
4 0.08
16 0.08
4 0.08
4 0.08
16 0.08
0 0.08
4 0.08
16 0.08
2 0.08
4 0.08
16 0.08
-1 0.08
4 0.08
16 0.08
0 0.08
4 0.08
16 0.08
-3 0.08
4 0.08
16 0.08
-5 0.08
4 0.08
16 0.08
-7 0.08
4 0.08
16 0.08

-8 0.03
-1 0.02
4 0.03
8 0.02
11 0.02
16 0.08
70  0.04
4 0.08
4 0.08
4 0.08
5 0.08
4 0.08
4 0.08
2 0.08
4 0.08
4 0.08
4 0.08
4 0.08
4 0.08
-1 0.08
4 0.08
4 0.08
-8 0.03
-1 0.02
4 0.03
8 0.02
11 0.02
16 0.08
70  0.04
4 0.08
4 0.08
4 0.08
5 0.08
4 0.08
4 0.08
2 0.08
4 0.08
4 0.08
4 0.08
4 0.08
4 0.08
-1 0.08
4 0.08
4 0.08
-8 0.03
-1 0.02
4 0.03
8 0.02
11 0.02
16 0.08
70  0.04
-1 0.08
4 0.08
4 0.08
2 0.08
4 0.08
4 0.08
4 0.08
4 0.08
4 0.08
5 0.08
4 0.08
4 0.08
7 0.08
4 0.08
4 0.08
4 0.08
4 0.08
4 0.08
5 0.08
4 0.08
4 0.08
2 0.08
4 0.08
4 0.08
4 0.08
4 0.08
4 0.08
0 0.08
4 0.08
4 0.08
-1 0.08
4 0.08
4 0.08
-8 0.03
-1 0.02
4 0.03
8 0.02
11 0.02
16 0.08
70  0.04
4 0.08
4 0.08
4 0.08
5 0.08
4 0.08
4 0.08
2 0.08
4 0.08
4 0.08
4 0.08
4 0.08
4 0.08
-1 0.08
4 0.08
4 0.08
-8 0.03
-1 0.02
4 0.03
8 0.02
11 0.02
16 0.08
70  0.04
4 0.08
4 0.08
4 0.08
5 0.08
4 0.08
4 0.08
2 0.08
4 0.08
4 0.08
4 0.08
4 0.08
4 0.08
-1 0.08
4 0.08
4 0.08
-8 0.03
-1 0.02
4 0.03
8 0.02
11 0.02
16 0.08
70  0.04
-1 0.08
4 0.08
4 0.08
2 0.08
4 0.08
4 0.08
4 0.08
4 0.08
4 0.08
5 0.08
4 0.08
4 0.08
7 0.08
4 0.08
4 0.08
4 0.08
4 0.08
4 0.08
5 0.08
4 0.08
4 0.08
2 0.08
4 0.08
4 0.08
4 0.08
4 0.08
4 0.08
0 0.08
4 0.08
4 0.08
4 0.08
4 0.08
4 0.08

-12 0.03
0 0.02
4 0.02
9 0.02
21 0.06
70 0.09
4 0.08
4 0.08
4 0.08
5 0.08
4 0.08
4 0.08
2 0.08
4 0.08
4 0.08
4 0.08
4 0.08
4 0.08
0 0.08
4 0.08
4 0.08
-12 0.03
0 0.02
4 0.02
9 0.02
21 0.06
70 0.09
4 0.08
4 0.08
4 0.08
5 0.08
4 0.08
4 0.08
2 0.08
4 0.08
4 0.08
4 0.08
4 0.08
4 0.08
0 0.08
4 0.08
4 0.08
-12 0.03
0 0.02
4 0.02
9 0.02
21 0.06
70 0.09
4 0.08
4 0.08
4 0.08
5 0.08
4 0.08
4 0.08
2 0.08
4 0.08
4 0.08
4 0.08
4 0.08
4 0.08
0 0.08
4 0.08
4 0.08
2 0.08
4 0.08
4 0.08
-1 0.08
4 0.08
4 0.08
0 0.08
4 0.08
4 0.08
2 0.08
4 0.08
4 0.08
-1 0.08
4 0.08
4 0.08
0 0.08
4 0.08
4 0.08

-7 0.03
0 0.02
3 0.02
9 0.02
12 0.02
21 0.06
70 0.07
5 0.08
9 0.08
17 0.08
7 0.08
9 0.08
17 0.08
4 0.08
9 0.08
17 0.08
5 0.08
9 0.08
17 0.08
0 0.08
9 0.08
17 0.08
-7 0.03
0 0.02
3 0.02
9 0.02
12 0.02
21 0.06
70 0.07
5 0.08
9 0.08
17 0.08
7 0.08
9 0.08
17 0.08
4 0.08
9 0.08
17 0.08
5 0.08
9 0.08
17 0.08
0 0.08
9 0.08
17 0.08
-7 0.03
0 0.02
3 0.02
9 0.02
12 0.02
21 0.06
70 0.07
5 0.08
9 0.08
17 0.08
7 0.08
9 0.08
17 0.08
4 0.08
9 0.08
17 0.08
5 0.08
9 0.08
17 0.08
0 0.08
9 0.08
17 0.08
2 0.08
11 0.08
17 0.08
-1 0.08
11 0.08
17 0.08
0 0.08
11 0.08
17 0.08
2 0.08
11 0.08
17 0.08
-3 0.08
11 0.08
17 0.08
-1 0.08
11 0.08
17 0.08

4 0.03
8 0.02
11 0.02
16 0.08
70  0.04
4 0.08
8 0.08
16 0.08
5 0.08
8 0.08
16 0.08
3 0.08
8 0.08
16 0.08
4 0.08
8 0.08
16 0.08
-1 0.08
8 0.08
16 0.08
-7 0.03
0 0.02
3 0.02
9 0.02
12 0.02
21 0.06
70 0.07
5 0.08
9 0.08
17 0.08
7 0.08
9 0.08
17 0.08
4 0.08
9 0.08
17 0.08
5 0.08
9 0.08
17 0.08
0 0.08
9 0.08
17 0.08
4 0.03
8 0.02
11 0.02
16 0.08
70  0.04
4 0.08
8 0.08
16 0.08
5 0.08
8 0.08
16 0.08
3 0.08
8 0.08
16 0.08
4 0.08
8 0.08
16 0.08
-1 0.08
8 0.08
16 0.08
-7 0.03
0 0.02
3 0.02
9 0.02
12 0.02
21 0.06
70 0.07
5 0.08
9 0.08
17 0.08
7 0.08
9 0.08
17 0.08
4 0.08
9 0.08
17 0.08
5 0.08
9 0.08
17 0.08
0 0.08
9 0.08
17 0.08
4 0.03
8 0.02
11 0.02
16 0.08
70  0.04
4 0.08
4 0.08
16 0.08
5 0.08
4 0.08
16 0.08
2 0.08
4 0.08
16 0.08
4 0.08
4 0.08
16 0.08
0 0.08
4 0.08
16 0.08
2 0.08
4 0.08
16 0.08
-1 0.08
4 0.08
16 0.08
0 0.08
4 0.08
16 0.08
2 0.08
4 0.08
16 0.08
-1 0.08
4 0.08
16 0.08
0 0.08
4 0.08
16 0.08
-3 0.08
4 0.08
16 0.08
-1 0.08
4 0.08
16 0.08
0 0.08
4 0.08
16 0.08
2 0.08
4 0.08
16 0.08
-1 0.08
4 0.08
16 0.08
0 0.08
4 0.08
16 0.08
-3 0.08
4 0.08
16 0.08
-1 0.08
4 0.08
16 0.08
0 0.08
4 0.08
16 0.08
-3 0.08
4 0.08
16 0.08
-5 0.08
4 0.08
16 0.08
-7 0.08
4 0.08
16 0.08
 
-8 0.12
4 0.12
4 0.12
4 0.12
5 0.12
4 0.12
2 0.12
4 0.12
4 0.12
4 0.12
0 0.12
4 0.12
2 0.12
4 0.12
-1 0.12
4 0.12
0 0.12
4 0.12
2 0.12
4 0.12
-1 0.12
4 0.12
0 0.12
4 0.12
-3 0.12
4 0.12
-1 0.12
4 0.12
0 0.12
4 0.12
2 0.12
4 0.12
-1 0.12
4 0.12
0 0.12
4 0.12
-3 0.12
4 0.12
-1 0.12
4 0.12
0 0.12
4 0.12
-3 0.12
4 0.12
-5 0.12
4 0.12
-7 0.12
4 0.12

-8 0.08
8 0.08
11 0.08
-1 0.08
8 0.08
11 0.08
4 0.08
8 0.08
11 0.08
5 0.08
8 0.08
11 0.08
3 0.08
8 0.08
11 0.08
4 0.08
8 0.08
11 0.08
-8 0.08
12 0.08
9 0.08
0 0.08
12 0.08
9 0.08
5 0.08
12 0.08
9 0.08
7 0.08
12 0.08
9 0.08
4 0.08
12 0.08
9 0.08
5 0.08
12 0.08
9 0.08
-8 0.08
8 0.08
11 0.08
-1 0.08
8 0.08
11 0.08
4 0.08
8 0.08
11 0.08
5 0.08
8 0.08
11 0.08
3 0.08
8 0.08
11 0.08
4 0.08
8 0.08
11 0.08
-8 0.08
12 0.08
9 0.08
0 0.08
12 0.08
9 0.08
5 0.08
12 0.08
9 0.08
7 0.08
12 0.08
9 0.08
4 0.08
12 0.08
9 0.08
5 0.08
12 0.08
9 0.08
-8 0.08
8 0.08
11 0.08
-1 0.08
8 0.08
11 0.08
4 0.08
8 0.08
11 0.08
5 0.08
8 0.08
11 0.08
3 0.08
8 0.08
11 0.08
4 0.08
8 0.08
11 0.08
4 0.08
8 0.08
11 0.08
5 0.08
8 0.08
11 0.08
3 0.08
8 0.08
11 0.08
5 0.08
8 0.08
11 0.08
4 0.08
8 0.08
11 0.08
-1 0.08
8 0.08
11 0.08
 
-8 0.24
-4 0.12
-4 0.12
-1 0.12
-1 0.12
4 0.12
4 0.12
8 0.12
8 0.12
11 0.12
11 0.12
16 0.12
16 0.12
8 0.12
8 0.12
11 0.12
11 0.12
16 0.12
16 0.12
20 0.12
20 0.12
23 0.24
16 2.0
  
691 0.5
