11 0.05434782608695652
13 0.16304347826086957
-12 0.2717391304347826
13 0.16304347826086957
-12 0.2717391304347826
13 0.10869565217391297
13 0.05434782608695654
-12 0.05434782608695654
13 0.10869565217391308
13 0.10869565217391308
13 0.4347826086956521
13 0.16304347826086962
-12 0.2717391304347825
13 0.16304347826086962
-12 0.2717391304347827
13 0.16304347826086962
-12 0.05434782608695654
13 0.21739130434782616
13 0.4347826086956519
13 0.16304347826086962
-12 0.2717391304347827
13 0.16304347826086918
-12 0.27173913043478315
13 0.10869565217391308
13 0.0543478260869561
-12 0.054347826086956985
13 0.10869565217391308
13 0.10869565217391308
13 0.43478260869565144
13 0.16304347826087007
-12 0.27173913043478226
13 0.16304347826087007
-12 0.27173913043478226
13 0.16304347826086918
-12 0.054347826086956985
13 0.21739130434782616
13 0.43478260869565233
13 0.16304347826086918
-12 0.27173913043478315
13 0.16304347826086918
-12 0.27173913043478226
13 0.10869565217391308
13 0.0543478260869561
-12 0.054347826086956985
13 0.10869565217391397
13 0.1086956521739122
13 0.43478260869565233
13 0.16304347826086918
-12 0.27173913043478315
13 0.16304347826086918
-12 0.27173913043478315
13 0.16304347826086918
-12 0.054347826086956985
13 0.21739130434782616
13 0.43478260869565233
13 0.16304347826086918
-12 0.27173913043478315
13 0.16304347826086918
-12 0.2717391304347814
13 0.10869565217391397
13 0.054347826086956985
-12 0.05434782608695521
13 0.10869565217391397
13 0.1086956521739122
13 0.43478260869565233
13 0.43478260869565233
13 0.43478260869565233
13 0.43478260869565233
15 0.21739130434782616
22 0.16304347826086918
-9 0.054347826086956985
20 0.16304347826086918
-9 0.054347826086956985
22 0.054347826086956985
3 0.16304347826086918
18 0.054347826086956985
3 0.1086956521739122
1 0.054347826086956985
22 0.054347826086956985
4 0.1086956521739122
-9 0.054347826086956985
17 0.16304347826086918
-9 0.054347826086956985
22 0.05434782608695521
3 0.16304347826087096
15 0.05434782608695521
3 0.10869565217391397
1 0.054347826086956985
22 0.05434782608695521
4 0.10869565217391397
-9 0.054347826086956985
20 0.16304347826086918
-9 0.054347826086956985
22 0.05434782608695521
3 0.16304347826086918
18 0.054347826086956985
3 0.10869565217391397
1 0.054347826086956985
22 0.054347826086956985
4 0.10869565217391042
-9 0.054347826086956985
17 0.16304347826087096
3 0.054347826086956985
22 0.054347826086956985
6 0.10869565217391042
8 0.054347826086956985
15 0.16304347826087096
6 0.054347826086956985
22 0.054347826086956985
8 0.10869565217391042
-9 0.054347826086956985
20 0.16304347826087096
-9 0.054347826086956985
22 0.05434782608695343
3 0.16304347826087096
18 0.054347826086956985
3 0.10869565217391397
1 0.054347826086956985
22 0.05434782608695343
4 0.10869565217391397
-9 0.054347826086956985
17 0.16304347826087096
-9 0.054347826086956985
22 0.05434782608695343
3 0.16304347826087096
15 0.054347826086956985
3 0.10869565217391397
1 0.05434782608695343
22 0.054347826086956985
4 0.10869565217391397
-9 0.054347826086956985
20 0.16304347826087096
-9 0.05434782608695343
22 0.054347826086956985
3 0.16304347826087096
18 0.054347826086956985
3 0.10869565217391397
1 0.05434782608695343
22 0.054347826086956985
4 0.10869565217391397
8 0.054347826086956985
17 0.1630434782608674
6 0.054347826086956985
22 0.054347826086956985
8 0.10869565217391397
6 0.054347826086956985
15 0.1630434782608674
3 0.054347826086956985
22 0.054347826086956985
6 0.10869565217391397
-9 0.054347826086956985
20 0.1630434782608674
-9 0.054347826086956985
22 0.054347826086956985
3 0.16304347826087096
18 0.054347826086956985
3 0.10869565217391042
1 0.054347826086956985
22 0.054347826086956985
4 0.10869565217391397
-9 0.054347826086956985
17 0.1630434782608674
-9 0.054347826086956985
22 0.054347826086956985
3 0.16304347826087096
15 0.054347826086956985
3 0.10869565217391042
1 0.054347826086956985
22 0.054347826086956985
4 0.10869565217391397
-9 0.054347826086956985
20 0.1630434782608674
-9 0.054347826086956985
22 0.054347826086956985
3 0.16304347826087096
18 0.05434782608695343
3 0.10869565217391397
1 0.054347826086956985
22 0.054347826086956985
4 0.10869565217391397
-9 0.054347826086956985
17 0.1630434782608674
3 0.054347826086956985
22 0.054347826086956985
6 0.10869565217391397
8 0.05434782608695343
15 0.16304347826087096
6 0.054347826086956985
22 0.054347826086956985
8 0.10869565217391397
-9 0.05434782608695343
20 0.16304347826087096
-9 0.054347826086956985
22 0.054347826086956985
3 0.1630434782608674
18 0.054347826086956985
3 0.10869565217391397
1 0.054347826086956985
22 0.054347826086956985
4 0.10869565217391042
-9 0.054347826086956985
17 0.16304347826087096
-9 0.054347826086956985
22 0.054347826086956985
3 0.1630434782608674
15 0.054347826086956985
3 0.10869565217391397
1 0.054347826086956985
22 0.054347826086956985
4 0.10869565217391042
-9 0.054347826086956985
20 0.16304347826087096
-9 0.054347826086956985
22 0.054347826086956985
3 0.1630434782608674
18 0.054347826086956985
3 0.10869565217391397
1 0.054347826086956985
22 0.054347826086956985
4 0.10869565217391042
8 0.054347826086956985
17 0.10869565217391397
6 0.10869565217391397
22 0.054347826086956985
8 0.1358695652173907
6 0.027173913043476716
15 0.10869565217391397
3 0.10869565217391397
17 0.027173913043476716
6 0.1358695652173907
3 0.054347826086956985
18 0.16304347826087096
10 0.054347826086956985
20 0.1630434782608674
6 0.054347826086956985
22 0.16304347826087096
10 0.2173913043478244
3 0.054347826086956985
27 0.16304347826087096
10 0.05434782608695343
25 0.16304347826087096
6 0.054347826086956985
22 0.16304347826087096
10 0.2173913043478244
3 0.054347826086956985
15 0.16304347826087096
10 0.2173913043478244
6 0.054347826086956985
22 0.1630434782608674
10 0.054347826086956985
20 0.16304347826087096
3 0.054347826086956985
18 0.1630434782608674
10 0.054347826086956985
17 0.16304347826087096
6 0.054347826086956985
15 0.1630434782608674
10 0.054347826086956985
17 0.16304347826087096
-2 0.054347826086956985
18 0.1630434782608674
6 0.054347826086956985
20 0.16304347826087096
3 0.054347826086956985
22 0.1630434782608674
6 0.2173913043478244
-2 0.05434782608696054
20 0.1630434782608674
6 0.05434782608696054
18 0.1630434782608674
3 0.05434782608695343
17 0.1630434782608745
6 0.05434782608695343
15 0.1630434782608674
1 0.05434782608696054
17 0.1630434782608674
8 0.05434782608696054
18 0.1630434782608674
5 0.05434782608695343
17 0.1630434782608745
8 0.05434782608695343
15 0.1630434782608674
1 0.05434782608696054
14 0.1630434782608674
8 0.05434782608695343
17 0.1630434782608745
5 0.05434782608695343
15 0.1630434782608745
8 0.05434782608695343
17 0.1630434782608674
3 0.05434782608696054
18 0.1630434782608674
10 0.05434782608695343
20 0.1630434782608745
6 0.05434782608695343
22 0.1630434782608674
10 0.21739130434782794
3 0.05434782608696054
27 0.1630434782608674
10 0.05434782608695343
25 0.1630434782608745
6 0.05434782608695343
22 0.1630434782608674
10 0.21739130434782794
3 0.05434782608696054
15 0.1630434782608674
10 0.21739130434782794
6 0.05434782608695343
22 0.1630434782608674
10 0.05434782608696054
20 0.1630434782608674
3 0.05434782608696054
18 0.1630434782608674
10 0.05434782608695343
17 0.1630434782608745
6 0.05434782608695343
15 0.1630434782608674
10 0.05434782608696054
17 0.1630434782608674
-2 0.05434782608696054
18 0.1630434782608674
6 0.05434782608695343
20 0.1630434782608745
3 0.05434782608695343
22 0.1630434782608674
6 0.21739130434782794
-2 0.05434782608695343
20 0.1630434782608745
6 0.05434782608695343
18 0.1630434782608745
3 0.05434782608695343
17 0.1630434782608674
6 0.21739130434782794
1 0.05434782608695343
18 0.05434782608696054
5 0.10869565217391397
1 0.10869565217391397
5 0.10869565217390686
3 0.05434782608696054
20 0.05434782608695343
6 0.10869565217391397
3 0.10869565217391397
6 0.10869565217391397
5 0.05434782608695343
22 0.05434782608696054
8 0.10869565217391397
5 0.10869565217391397
8 0.10869565217390686
6 0.05434782608696054
15 0.05434782608695343
10 0.10869565217391397
6 0.05434782608696054
17 0.05434782608695343
10 0.10869565217391397
3 0.05434782608695343
18 0.1630434782608745
10 0.05434782608695343
20 0.1630434782608674
6 0.05434782608696054
22 0.1630434782608674
10 0.21739130434782794
3 0.05434782608695343
27 0.1630434782608745
10 0.05434782608695343
25 0.1630434782608674
6 0.05434782608696054
22 0.1630434782608674
10 0.21739130434782794
3 0.05434782608695343
15 0.1630434782608745
10 0.21739130434782084
6 0.05434782608696054
22 0.1630434782608674
10 0.05434782608695343
20 0.1630434782608745
3 0.05434782608695343
18 0.1630434782608745
10 0.05434782608695343
17 0.1630434782608674
6 0.05434782608696054
15 0.1630434782608674
10 0.05434782608695343
17 0.1630434782608745
-2 0.05434782608695343
18 0.1630434782608674
6 0.05434782608696054
20 0.1630434782608674
3 0.05434782608696054
22 0.1630434782608674
6 0.21739130434782794
-2 0.05434782608695343
20 0.1630434782608674
6 0.05434782608696054
18 0.1630434782608674
3 0.05434782608696054
17 0.1630434782608674
6 0.05434782608695343
15 0.1630434782608745
1 0.05434782608695343
17 0.1630434782608674
8 0.05434782608696054
18 0.1630434782608674
5 0.05434782608696054
17 0.1630434782608674
8 0.05434782608695343
15 0.1630434782608745
1 0.05434782608695343
14 0.1630434782608674
8 0.05434782608696054
17 0.1630434782608674
5 0.05434782608696054
15 0.1630434782608674
8 0.05434782608695343
17 0.1630434782608745
3 0.05434782608695343
18 0.1630434782608674
10 0.05434782608696054
20 0.1630434782608674
6 0.05434782608695343
22 0.1630434782608745
10 0.21739130434782794
3 0.05434782608695343
27 0.1630434782608674
10 0.05434782608696054
25 0.1630434782608674
6 0.05434782608695343
22 0.1630434782608745
10 0.21739130434782084
3 0.05434782608696054
15 0.1630434782608674
10 0.21739130434782794
6 0.05434782608695343
22 0.1630434782608745
10 0.05434782608695343
20 0.1630434782608674
3 0.05434782608696054
18 0.1630434782608674
10 0.05434782608696054
17 0.1630434782608674
6 0.05434782608695343
15 0.1630434782608745
10 0.05434782608695343
17 0.1630434782608674
-2 0.05434782608696054
18 0.1630434782608674
6 0.05434782608696054
20 0.1630434782608674
3 0.05434782608695343
22 0.1630434782608745
6 0.21739130434782084
-2 0.05434782608696054
20 0.1630434782608674
6 0.05434782608696054
18 0.1630434782608674
3 0.05434782608695343
17 0.1630434782608745
6 0.21739130434782084
1 0.05434782608696054
18 0.05434782608695343
5 0.10869565217391397
1 0.10869565217391397
5 0.10869565217391397
3 0.05434782608695343
20 0.05434782608696054
6 0.10869565217391397
3 0.10869565217390686
6 0.10869565217391397
5 0.05434782608696054
22 0.05434782608695343
8 0.10869565217391397
5 0.10869565217391397
8 0.10869565217391397
6 0.05434782608695343
25 0.05434782608696054
10 0.10869565217390686
6 0.05434782608696054
27 0.05434782608695343
10 0.10869565217391397
-2 0.05434782608696054
22 0.1630434782608674
6 0.05434782608695343
20 0.1630434782608745
3 0.05434782608695343
22 0.1630434782608674
6 0.21739130434782794
-2 0.05434782608696054
20 0.1630434782608674
6 0.05434782608695343
22 0.1630434782608745
3 0.05434782608695343
25 0.1630434782608674
6 0.05434782608696054
27 0.1630434782608674
1 0.05434782608696054
22 0.1630434782608674
8 0.05434782608695343
20 0.1630434782608745
5 0.05434782608695343
22 0.1630434782608674
8 0.21739130434782794
1 0.05434782608696054
20 0.1630434782608674
8 0.05434782608695343
22 0.1630434782608745
5 0.05434782608695343
20 0.1630434782608674
8 0.05434782608696054
18 0.1630434782608674
3 0.05434782608695343
17 0.1630434782608745
10 0.05434782608695343
13 0.1630434782608745
6 0.05434782608695343
15 0.1630434782608674
10 0.21739130434782794
3 0.05434782608695343
13 0.1630434782608745
10 0.05434782608695343
15 0.1630434782608674
6 0.05434782608696054
17 0.1630434782608674
10 0.05434782608696054
18 0.1630434782608674
3 0.05434782608695343
20 0.1630434782608745
10 0.05434782608695343
22 0.1630434782608674
6 0.05434782608696054
15 0.1630434782608674
10 0.21739130434782794
3 0.05434782608695343
22 0.1630434782608745
10 0.05434782608695343
25 0.1630434782608674
6 0.05434782608696054
25 0.1630434782608674
10 0.05434782608696054
27 0.1630434782608674
-2 0.05434782608695343
22 0.1630434782608745
6 0.05434782608695343
20 0.1630434782608674
3 0.05434782608696054
22 0.1630434782608674
6 0.21739130434782794
-2 0.05434782608695343
20 0.1630434782608745
6 0.05434782608695343
22 0.1630434782608674
3 0.05434782608696054
25 0.1630434782608745
6 0.05434782608695343
27 0.1630434782608603
1 0.05434782608696764
22 0.1630434782608603
8 0.05434782608695343
20 0.1630434782608745
5 0.05434782608695343
22 0.1630434782608745
8 0.21739130434782794
1 0.05434782608695343
20 0.1630434782608745
8 0.05434782608695343
22 0.1630434782608745
5 0.05434782608695343
20 0.1630434782608603
8 0.05434782608696764
18 0.1630434782608603
3 0.05434782608696764
17 0.1630434782608603
10 0.05434782608695343
13 0.1630434782608745
6 0.05434782608695343
15 0.1630434782608745
10 0.21739130434782794
3 0.05434782608695343
13 0.1630434782608745
10 0.05434782608695343
15 0.1630434782608745
6 0.05434782608695343
17 0.1630434782608603
10 0.05434782608696764
18 0.1630434782608603
3 0.05434782608696764
20 0.1630434782608603
10 0.05434782608695343
22 0.1630434782608745
6 0.05434782608695343
15 0.1630434782608745
10 0.21739130434782794
3 0.05434782608695343
22 0.1630434782608745
10 0.05434782608695343
25 0.1630434782608745
6 0.05434782608695343
25 0.1630434782608603
10 0.05434782608696764
27 0.1630434782608603
-2 0.05434782608695343
22 0.1630434782608745
6 0.05434782608695343
20 0.1630434782608745
3 0.05434782608695343
22 0.1630434782608745
6 0.21739130434782794
-2 0.05434782608695343
20 0.1630434782608745
6 0.05434782608695343
22 0.1630434782608603
3 0.05434782608696764
25 0.1630434782608603
6 0.05434782608696764
27 0.1630434782608603
1 0.05434782608695343
22 0.1630434782608745
8 0.05434782608695343
20 0.1630434782608745
5 0.05434782608695343
22 0.1630434782608745
8 0.21739130434782794
1 0.05434782608695343
20 0.1630434782608745
8 0.05434782608695343
22 0.1630434782608603
5 0.05434782608696764
20 0.1630434782608603
8 0.05434782608696764
18 0.1630434782608603
3 0.05434782608695343
17 0.1630434782608745
10 0.05434782608695343
13 0.1630434782608745
6 0.05434782608695343
15 0.1630434782608745
10 0.21739130434782794
3 0.05434782608695343
13 0.1630434782608745
10 0.05434782608695343
15 0.1630434782608603
6 0.05434782608696764
17 0.1630434782608603
10 0.05434782608695343
18 0.1630434782608745
3 0.05434782608695343
20 0.1630434782608745
10 0.05434782608695343
22 0.1630434782608745
6 0.05434782608695343
15 0.1630434782608745
10 0.21739130434782794
3 0.05434782608695343
22 0.1630434782608603
10 0.05434782608696764
25 0.1630434782608603
6 0.05434782608696764
25 0.1630434782608603
10 0.05434782608695343
27 0.1630434782608745
-2 0.05434782608695343
22 0.1630434782608745
6 0.05434782608695343
20 0.1630434782608745
3 0.05434782608695343
22 0.1630434782608745
6 0.21739130434782794
-2 0.05434782608695343
20 0.1630434782608603
6 0.05434782608696764
22 0.1630434782608603
3 0.05434782608696764
25 0.1630434782608603
6 0.05434782608695343
27 0.1630434782608745
1 0.05434782608695343
22 0.1630434782608745
8 0.05434782608695343
20 0.1630434782608745
5 0.05434782608695343
22 0.1630434782608745
8 0.21739130434782794
1 0.05434782608695343
25 0.1630434782608603
8 0.05434782608696764
27 0.1630434782608603
5 0.05434782608695343
30 0.1630434782608745
8 0.05434782608695343
29 0.1630434782608745
3 0.05434782608695343
27 0.1630434782608745
10 0.05434782608695343
25 0.1630434782608745
6 0.05434782608695343
22 0.1630434782608745
10 0.21739130434781373
3 0.05434782608696764
20 0.1630434782608603
10 0.05434782608696764
22 0.1630434782608603
6 0.05434782608695343
20 0.1630434782608745
10 0.05434782608695343
18 0.1630434782608745
3 0.05434782608695343
17 0.1630434782608745
10 0.05434782608695343
13 0.1630434782608745
6 0.05434782608695343
15 0.1630434782608745
10 0.21739130434781373
3 0.05434782608696764
34 0.1630434782608603
10 0.05434782608696764
37 0.1630434782608603
6 0.05434782608695343
37 0.1630434782608745
10 0.05434782608695343
39 0.1630434782608745
10 0.05434782608695343
34 0.05434782608695343
15 0.10869565217392108
18 0.05434782608695343
32 0.05434782608695343
22 0.10869565217392108
18 0.05434782608695343
34 0.05434782608695343
22 0.10869565217392108
18 0.10869565217390686
15 0.10869565217390686
10 0.05434782608696764
32 0.05434782608695343
15 0.10869565217390686
18 0.05434782608695343
34 0.05434782608696764
22 0.10869565217390686
18 0.05434782608695343
37 0.05434782608696764
22 0.10869565217390686
18 0.05434782608695343
39 0.05434782608695343
15 0.10869565217392108
13 0.05434782608695343
34 0.05434782608695343
17 0.10869565217392108
20 0.05434782608695343
32 0.05434782608695343
25 0.10869565217392108
20 0.05434782608695343
34 0.05434782608695343
25 0.10869565217390686
20 0.10869565217392108
17 0.10869565217390686
13 0.05434782608696764
32 0.05434782608695343
17 0.10869565217390686
20 0.05434782608695343
34 0.05434782608696764
25 0.10869565217390686
20 0.05434782608695343
32 0.05434782608696764
25 0.10869565217390686
20 0.05434782608695343
30 0.05434782608695343
17 0.10869565217392108
15 0.05434782608695343
29 0.05434782608695343
18 0.10869565217392108
22 0.05434782608695343
25 0.05434782608695343
27 0.10869565217392108
22 0.05434782608695343
27 0.05434782608695343
27 0.10869565217390686
22 0.10869565217392108
18 0.10869565217390686
15 0.05434782608696764
25 0.05434782608695343
18 0.10869565217390686
22 0.05434782608695343
27 0.05434782608696764
27 0.10869565217390686
22 0.05434782608695343
29 0.05434782608695343
27 0.10869565217392108
22 0.05434782608695343
30 0.05434782608695343
18 0.10869565217392108
15 0.05434782608695343
32 0.05434782608695343
18 0.10869565217392108
22 0.05434782608695343
34 0.05434782608695343
27 0.10869565217392108
22 0.05434782608695343
27 0.05434782608695343
27 0.10869565217390686
22 0.10869565217392108
18 0.10869565217390686
15 0.05434782608695343
34 0.05434782608696764
18 0.10869565217390686
22 0.05434782608695343
37 0.05434782608696764
27 0.10869565217390686
22 0.05434782608695343
37 0.05434782608695343
27 0.10869565217392108
22 0.05434782608695343
39 0.05434782608695343
18 0.10869565217392108
10 0.05434782608695343
34 0.05434782608695343
15 0.10869565217392108
18 0.05434782608695343
32 0.05434782608695343
22 0.10869565217390686
18 0.05434782608696764
34 0.05434782608695343
22 0.10869565217390686
18 0.10869565217392108
15 0.10869565217390686
10 0.05434782608695343
32 0.05434782608696764
15 0.10869565217390686
18 0.05434782608695343
34 0.05434782608696764
22 0.10869565217390686
18 0.05434782608695343
37 0.05434782608695343
22 0.10869565217392108
18 0.05434782608695343
39 0.05434782608695343
15 0.10869565217392108
13 0.05434782608695343
34 0.05434782608695343
17 0.10869565217392108
20 0.05434782608695343
32 0.05434782608695343
25 0.10869565217390686
20 0.05434782608696764
34 0.05434782608695343
25 0.10869565217390686
20 0.10869565217392108
17 0.10869565217390686
13 0.05434782608695343
32 0.05434782608696764
17 0.10869565217390686
20 0.05434782608695343
34 0.05434782608695343
25 0.10869565217392108
20 0.05434782608695343
32 0.05434782608695343
25 0.10869565217392108
20 0.05434782608695343
30 0.05434782608695343
17 0.10869565217392108
15 0.05434782608695343
29 0.05434782608695343
18 0.10869565217392108
22 0.05434782608695343
25 0.05434782608695343
27 0.10869565217390686
22 0.05434782608696764
27 0.05434782608695343
27 0.10869565217390686
22 0.10869565217392108
18 0.10869565217390686
15 0.05434782608695343
25 0.05434782608696764
18 0.10869565217390686
22 0.05434782608695343
27 0.05434782608695343
27 0.10869565217392108
22 0.05434782608695343
29 0.05434782608695343
27 0.10869565217392108
22 0.05434782608695343
30 0.05434782608695343
18 0.10869565217392108
15 0.05434782608695343
32 0.05434782608695343
18 0.10869565217390686
22 0.05434782608696764
34 0.05434782608695343
27 0.10869565217390686
22 0.05434782608696764
27 0.05434782608695343
27 0.10869565217390686
22 0.10869565217392108
18 0.10869565217390686
15 0.05434782608695343
34 0.05434782608696764
18 0.10869565217390686
22 0.05434782608695343
37 0.05434782608695343
27 0.10869565217392108
22 0.05434782608695343
37 0.05434782608695343
27 0.10869565217392108
22 0.05434782608695343
39 0.05434782608695343
18 0.10869565217392108
10 0.05434782608695343
34 0.05434782608695343
15 0.10869565217390686
18 0.05434782608696764
32 0.05434782608695343
22 0.10869565217390686
18 0.05434782608696764
34 0.05434782608695343
22 0.10869565217390686
18 0.10869565217392108
15 0.10869565217390686
10 0.05434782608695343
32 0.05434782608695343
15 0.10869565217392108
18 0.05434782608695343
34 0.05434782608695343
22 0.10869565217392108
18 0.05434782608695343
37 0.05434782608695343
22 0.10869565217392108
18 0.05434782608695343
39 0.05434782608695343
15 0.10869565217392108
13 0.05434782608695343
34 0.05434782608695343
17 0.10869565217390686
20 0.05434782608696764
32 0.05434782608695343
25 0.10869565217390686
20 0.05434782608695343
34 0.05434782608696764
25 0.10869565217390686
20 0.10869565217392108
17 0.10869565217390686
13 0.05434782608695343
32 0.05434782608695343
17 0.10869565217392108
20 0.05434782608695343
34 0.05434782608695343
25 0.10869565217392108
20 0.05434782608695343
32 0.05434782608695343
25 0.10869565217392108
20 0.05434782608695343
30 0.05434782608695343
17 0.10869565217390686
15 0.05434782608696764
29 0.05434782608695343
18 0.10869565217390686
22 0.05434782608696764
25 0.05434782608695343
27 0.10869565217390686
22 0.05434782608695343
27 0.05434782608696764
27 0.10869565217390686
22 0.10869565217392108
18 0.10869565217390686
15 0.05434782608695343
25 0.05434782608695343
18 0.10869565217392108
22 0.05434782608695343
27 0.05434782608695343
27 0.10869565217392108
22 0.05434782608695343
29 0.05434782608695343
27 0.10869565217392108
22 0.05434782608695343
30 0.05434782608695343
18 0.10869565217390686
15 0.05434782608696764
32 0.05434782608695343
18 0.10869565217390686
22 0.05434782608696764
34 0.05434782608695343
27 0.10869565217390686
22 0.05434782608695343
27 0.05434782608696764
27 0.10869565217390686
22 0.10869565217390686
18 0.10869565217392108
15 0.05434782608695343
34 0.05434782608695343
18 0.10869565217392108
22 0.05434782608695343
37 0.05434782608695343
27 0.10869565217392108
22 0.05434782608695343
37 0.05434782608695343
27 0.10869565217392108
22 0.05434782608695343
39 0.05434782608695343
18 0.10869565217390686
10 0.05434782608696764
34 0.05434782608695343
15 0.10869565217390686
18 0.05434782608695343
32 0.05434782608696764
22 0.10869565217390686
18 0.05434782608695343
34 0.05434782608696764
22 0.10869565217390686
18 0.10869565217390686
15 0.10869565217392108
10 0.05434782608695343
32 0.05434782608695343
15 0.10869565217392108
18 0.05434782608695343
34 0.05434782608695343
22 0.10869565217392108
18 0.05434782608695343
37 0.05434782608695343
22 0.10869565217390686
18 0.05434782608696764
39 0.05434782608695343
15 0.10869565217390686
13 0.05434782608696764
34 0.05434782608695343
17 0.10869565217390686
20 0.05434782608695343
32 0.05434782608696764
25 0.10869565217390686
20 0.05434782608695343
34 0.05434782608696764
25 0.10869565217390686
20 0.10869565217390686
17 0.10869565217392108
13 0.05434782608695343
37 0.05434782608695343
17 0.10869565217392108
20 0.05434782608695343
39 0.05434782608695343
25 0.10869565217392108
20 0.05434782608695343
42 0.05434782608695343
25 0.10869565217390686
20 0.05434782608696764
41 0.05434782608695343
17 0.10869565217390686
15 0.05434782608696764
39 0.05434782608695343
18 0.10869565217390686
22 0.05434782608695343
37 0.05434782608696764
27 0.10869565217390686
22 0.05434782608695343
34 0.05434782608695343
27 0.10869565217392108
22 0.10869565217390686
18 0.10869565217392108
15 0.05434782608695343
32 0.05434782608695343
18 0.10869565217392108
22 0.05434782608695343
34 0.05434782608695343
27 0.10869565217392108
22 0.05434782608695343
32 0.05434782608695343
27 0.10869565217390686
22 0.05434782608696764
18 0.05434782608695343
18 0.10869565217390686
15 0.05434782608695343
17 0.05434782608696764
18 0.10869565217390686
22 0.05434782608695343
13 0.05434782608696764
27 0.10869565217390686
22 0.05434782608695343
15 0.05434782608695343
27 0.10869565217392108
22 0.10869565217390686
18 0.10869565217392108
15 0.10869565217390686
18 0.10869565217392108
22 0.10869565217390686
27 0.10869565217390686
22 0.05434782608696764
3 0.05434782608695343
27 0.10869565217390686
22 0.05434782608696764
3 0.05434782608695343
18 0.05434782608695343
3 0.05434782608695343
13 0.05434782608695343
3 0.0010000000000047748
15 0.1076956521739163
2 0.05434782608695343
18 0.05434782608695343
0 0.10869565217392108
2 0.05434782608695343
22 0.05434782608695343
3 0.0010000000000047748
13 0.21639130434782317
3 0.10869565217390686
3 0.05434782608696764
13 0.05434782608695343
3 0.0010000000000047748
15 0.10769565217390209
2 0.05434782608696764
18 0.05434782608695343
0 0.10869565217390686
2 0.05434782608695343
22 0.05434782608696764
3 0.0010000000000047748
13 0.21639130434782317
3 0.10869565217390686
3 0.05434782608695343
13 0.05434782608695343
3 0.0010000000000047748
15 0.1076956521739163
2 0.05434782608695343
18 0.05434782608695343
0 0.10869565217392108
2 0.05434782608695343
22 0.05434782608695343
3 0.0010000000000047748
13 0.21639130434782317
3 0.10869565217390686
6 0.05434782608696764
13 0.05434782608695343
8 0.0010000000000047748
15 0.21639130434782317
6 0.10869565217390686
8 0.05434782608695343
13 0.05434782608696764
3 0.0010000000000047748
15 0.21639130434780895
3 0.10869565217392108
3 0.05434782608695343
13 0.05434782608695343
3 0.0010000000000047748
15 0.1076956521739163
2 0.05434782608695343
18 0.05434782608695343
0 0.10869565217392108
2 0.05434782608695343
22 0.05434782608695343
3 0.0010000000000047748
13 0.21639130434782317
3 0.10869565217390686
3 0.05434782608696764
13 0.05434782608695343
3 0.0010000000000047748
15 0.10769565217390209
2 0.05434782608695343
18 0.05434782608696764
0 0.10869565217390686
2 0.05434782608695343
22 0.05434782608696764
3 0.0010000000000047748
13 0.21639130434780895
3 0.10869565217392108
3 0.05434782608695343
13 0.05434782608695343
3 0.0010000000000047748
15 0.1076956521739163
2 0.05434782608695343
18 0.05434782608695343
0 0.10869565217392108
2 0.05434782608695343
22 0.05434782608695343
8 0.0010000000000047748
13 0.21639130434782317
6 0.10869565217390686
8 0.05434782608696764
13 0.05434782608695343
6 0.0010000000000047748
15 0.21639130434782317
3 0.10869565217390686
6 0.05434782608695343
13 0.05434782608696764
3 0.0010000000000047748
15 0.21639130434780895
3 0.10869565217392108
3 0.05434782608695343
13 0.05434782608695343
3 0.0010000000000047748
15 0.1076956521739163
2 0.05434782608695343
18 0.05434782608695343
0 0.10869565217392108
2 0.05434782608695343
22 0.05434782608695343
3 0.0010000000000047748
13 0.21639130434782317
3 0.10869565217390686
3 0.05434782608696764
13 0.05434782608695343
3 0.0010000000000047748
15 0.10769565217390209
2 0.05434782608695343
18 0.05434782608696764
0 0.10869565217390686
2 0.05434782608695343
22 0.05434782608695343
3 0.0010000000000047748
13 0.21639130434782317
3 0.10869565217392108
3 0.05434782608695343
13 0.05434782608695343
3 0.0010000000000047748
15 0.1076956521739163
2 0.05434782608695343
18 0.05434782608695343
0 0.10869565217392108
2 0.05434782608695343
22 0.05434782608695343
3 0.0010000000000047748
13 0.21639130434782317
3 0.10869565217390686
6 0.05434782608695343
13 0.05434782608696764
8 0.0010000000000047748
15 0.21639130434782317
6 0.10869565217390686
8 0.05434782608695343
13 0.05434782608695343
3 0.0010000000000047748
15 0.21639130434782317
3 0.10869565217392108
3 0.05434782608695343
13 0.05434782608695343
3 0.0010000000000047748
15 0.1076956521739163
2 0.05434782608695343
18 0.05434782608695343
0 0.10869565217390686
2 0.05434782608696764
22 0.05434782608695343
3 0.0010000000000047748
13 0.21639130434782317
3 0.10869565217390686
3 0.05434782608695343
13 0.05434782608696764
3 0.0010000000000047748
15 0.10769565217390209
2 0.05434782608695343
18 0.05434782608696764
0 0.10869565217390686
2 0.05434782608695343
22 0.05434782608695343
3 0.0010000000000047748
13 0.21639130434782317
3 0.10869565217392108
3 0.05434782608695343
13 0.05434782608695343
3 0.0010000000000047748
15 0.1076956521739163
2 0.05434782608695343
18 0.05434782608695343
0 0.10869565217390686
2 0.05434782608696764
22 0.05434782608695343
8 0.0010000000000047748
13 0.16204347826086973
6 0.1630434782608603
8 0.05434782608695343
13 0.05434782608696764
15 0.02717391304346961
6 0.1358695652173907
3 0.1358695652173907
6 0.08152173913043725
13 0.05434782608695343
15 0.0010000000000047748
15 0.21639130434782317
17 0.1630434782608745
3 0.05434782608695343
18 0.1630434782608745
10 0.05434782608695343
20 0.1630434782608745
6 0.05434782608695343
22 0.1630434782608603
10 0.21739130434782794
3 0.05434782608696764
27 0.1630434782608603
10 0.05434782608695343
25 0.1630434782608745
6 0.05434782608695343
22 0.1630434782608745
10 0.21739130434782794
3 0.05434782608695343
15 0.1630434782608745
10 0.21739130434782794
6 0.05434782608695343
22 0.1630434782608603
10 0.05434782608696764
20 0.1630434782608603
3 0.05434782608696764
18 0.1630434782608603
10 0.05434782608696764
17 0.1630434782608745
6 0.05434782608693922
15 0.1630434782608745
10 0.05434782608696764
17 0.1630434782608461
-2 0.05434782608696764
18 0.1630434782608745
6 0.05434782608693922
20 0.1630434782608745
3 0.05434782608696764
22 0.1630434782608745
6 0.21739130434781373
-2 0.05434782608696764
20 0.1630434782608745
6 0.05434782608693922
18 0.1630434782608745
3 0.05434782608696764
17 0.1630434782608461
6 0.05434782608696764
15 0.1630434782608745
1 0.05434782608693922
17 0.1630434782608745
8 0.05434782608696764
18 0.1630434782608745
5 0.05434782608693922
17 0.1630434782608745
8 0.05434782608696764
15 0.1630434782608745
1 0.05434782608693922
14 0.1630434782608745
8 0.05434782608696764
17 0.1630434782608461
5 0.05434782608696764
15 0.1630434782608745
8 0.05434782608696764
17 0.1630434782608461
3 0.05434782608696764
18 0.1630434782608745
10 0.05434782608693922
20 0.1630434782608745
6 0.05434782608696764
22 0.1630434782608745
10 0.21739130434781373
3 0.05434782608696764
27 0.1630434782608745
10 0.05434782608693922
25 0.1630434782608745
6 0.05434782608696764
22 0.1630434782608461
10 0.21739130434784215
3 0.05434782608693922
15 0.1630434782608745
10 0.21739130434784215
6 0.05434782608693922
22 0.1630434782608745
10 0.05434782608696764
20 0.1630434782608745
3 0.05434782608693922
18 0.1630434782608745
10 0.05434782608696764
17 0.1630434782608461
6 0.05434782608696764
15 0.1630434782608745
10 0.05434782608693922
17 0.1630434782608745
-2 0.05434782608696764
18 0.1630434782608745
6 0.05434782608693922
20 0.1630434782608745
3 0.05434782608696764
22 0.1630434782608745
6 0.21739130434781373
-2 0.05434782608696764
20 0.1630434782608461
6 0.05434782608696764
18 0.1630434782608745
3 0.05434782608696764
17 0.1630434782608461
6 0.21739130434784215
1 0.05434782608693922
18 0.05434782608696764
5 0.10869565217390686
1 0.10869565217390686
5 0.10869565217393529
3 0.05434782608693922
20 0.05434782608696764
6 0.10869565217390686
3 0.10869565217390686
6 0.10869565217393529
5 0.05434782608693922
22 0.05434782608696764
8 0.10869565217390686
5 0.10869565217390686
8 0.10869565217390686
6 0.05434782608696764
15 0.05434782608696764
10 0.10869565217390686
6 0.05434782608693922
17 0.05434782608696764
10 0.10869565217390686
3 0.05434782608696764
18 0.1630434782608745
10 0.05434782608693922
20 0.1630434782608745
6 0.05434782608696764
22 0.1630434782608745
10 0.21739130434781373
3 0.05434782608696764
27 0.1630434782608461
10 0.05434782608696764
25 0.1630434782608745
6 0.05434782608693922
22 0.1630434782608745
10 0.21739130434784215
3 0.05434782608693922
15 0.1630434782608745
10 0.21739130434784215
6 0.05434782608693922
22 0.1630434782608745
10 0.05434782608696764
20 0.1630434782608461
3 0.05434782608696764
18 0.1630434782608745
10 0.05434782608696764
17 0.1630434782608461
6 0.05434782608696764
15 0.1630434782608745
10 0.05434782608693922
17 0.1630434782608745
-2 0.05434782608696764
18 0.1630434782608745
6 0.05434782608693922
20 0.1630434782608745
3 0.05434782608696764
22 0.1630434782608745
6 0.21739130434781373
-2 0.05434782608696764
20 0.1630434782608461
6 0.05434782608696764
18 0.1630434782608745
3 0.05434782608693922
17 0.1630434782608745
6 0.05434782608696764
15 0.1630434782608745
1 0.05434782608693922
17 0.1630434782608745
8 0.05434782608696764
18 0.1630434782608745
5 0.05434782608693922
17 0.1630434782608745
8 0.05434782608696764
15 0.1630434782608461
1 0.05434782608696764
14 0.1630434782608745
8 0.05434782608693922
17 0.1630434782608745
5 0.05434782608696764
15 0.1630434782608745
8 0.05434782608693922
17 0.1630434782608745
3 0.05434782608696764
18 0.1630434782608745
10 0.05434782608693922
20 0.1630434782608745
6 0.05434782608696764
22 0.1630434782608461
10 0.21739130434784215
3 0.05434782608696764
27 0.1630434782608461
10 0.05434782608696764
25 0.1630434782608745
6 0.05434782608693922
22 0.1630434782608745
10 0.21739130434784215
3 0.05434782608693922
15 0.1630434782608745
10 0.21739130434784215
6 0.05434782608693922
22 0.1630434782608745
10 0.05434782608696764
20 0.1630434782608461
3 0.05434782608696764
18 0.1630434782608745
10 0.05434782608693922
17 0.1630434782608745
6 0.05434782608696764
15 0.1630434782608745
10 0.05434782608693922
17 0.1630434782608745
-2 0.05434782608696764
18 0.1630434782608745
6 0.05434782608693922
20 0.1630434782608745
3 0.05434782608696764
22 0.1630434782608461
6 0.21739130434784215
-2 0.05434782608693922
20 0.1630434782608745
6 0.05434782608696764
18 0.1630434782608745
3 0.05434782608693922
17 0.1630434782608745
6 0.21739130434784215
1 0.05434782608693922
18 0.05434782608696764
5 0.10869565217390686
1 0.10869565217390686
5 0.10869565217390686
3 0.05434782608696764
20 0.05434782608696764
6 0.10869565217390686
3 0.10869565217390686
6 0.10869565217390686
5 0.05434782608696764
22 0.05434782608696764
8 0.10869565217390686
5 0.10869565217390686
8 0.10869565217390686
6 0.05434782608696764
25 0.05434782608693922
10 0.10869565217393529
6 0.05434782608693922
27 0.05434782608696764
10 0.10869565217390686
-2 0.05434782608696764
22 0.1630434782608745
6 0.05434782608693922
20 0.1630434782608745
3 0.05434782608696764
22 0.1630434782608461
6 0.21739130434784215
-2 0.05434782608693922
20 0.1630434782608745
6 0.05434782608696764
22 0.1630434782608745
3 0.05434782608693922
25 0.1630434782608745
6 0.05434782608696764
27 0.1630434782608745
1 0.05434782608693922
22 0.1630434782608745
8 0.05434782608696764
20 0.1630434782608461
5 0.05434782608696764
22 0.1630434782608745
8 0.21739130434781373
1 0.05434782608696764
20 0.1630434782608745
8 0.05434782608693922
22 0.1630434782608745
5 0.05434782608696764
20 0.1630434782608745
8 0.05434782608693922
18 0.1630434782608745
3 0.05434782608696764
17 0.1630434782608461
10 0.05434782608696764
13 0.1630434782608745
6 0.05434782608696764
15 0.1630434782608461
10 0.21739130434784215
3 0.05434782608693922
13 0.1630434782608745
10 0.05434782608696764
15 0.1630434782608745
6 0.05434782608693922
17 0.1630434782608745
10 0.05434782608696764
18 0.1630434782608745
3 0.05434782608693922
20 0.1630434782608745
10 0.05434782608696764
22 0.1630434782608461
6 0.05434782608696764
15 0.1630434782608745
10 0.21739130434781373
3 0.05434782608696764
22 0.1630434782608745
10 0.05434782608693922
25 0.1630434782608745
6 0.05434782608696764
25 0.1630434782608745
10 0.05434782608693922
27 0.1630434782608745
-2 0.05434782608696764
22 0.1630434782608461
6 0.05434782608696764
20 0.1630434782608745
3 0.05434782608693922
22 0.1630434782608745
6 0.21739130434784215
-2 0.05434782608693922
20 0.1630434782608745
6 0.05434782608696764
22 0.1630434782608745
3 0.05434782608693922
25 0.1630434782608745
6 0.05434782608696764
27 0.1630434782608461
1 0.05434782608696764
22 0.1630434782608745
8 0.05434782608696764
20 0.1630434782608461
5 0.05434782608696764
22 0.1630434782608745
8 0.21739130434781373
1 0.05434782608696764
20 0.1630434782608745
8 0.05434782608693922
22 0.1630434782608745
5 0.05434782608696764
20 0.1630434782608745
8 0.05434782608693922
18 0.1630434782608745
3 0.05434782608696764
17 0.1630434782608461
10 0.05434782608696764
13 0.1630434782608745
6 0.05434782608693922
15 0.1630434782608745
10 0.21739130434784215
3 0.05434782608693922
13 0.1630434782608745
10 0.05434782608696764
15 0.1630434782608745
6 0.05434782608693922
17 0.1630434782608745
10 0.05434782608696764
18 0.1630434782608461
3 0.05434782608696764
20 0.1630434782608745
10 0.05434782608693922
22 0.1630434782608745
6 0.05434782608696764
15 0.1630434782608745
10 0.21739130434781373
3 0.05434782608696764
22 0.1630434782608745
10 0.05434782608693922
25 0.1630434782608745
6 0.05434782608696764
25 0.1630434782608461
10 0.05434782608696764
27 0.1630434782608745
-2 0.05434782608696764
22 0.1630434782608461
6 0.05434782608696764
20 0.1630434782608745
3 0.05434782608693922
22 0.1630434782608745
6 0.21739130434784215
-2 0.05434782608693922
20 0.1630434782608745
6 0.05434782608696764
22 0.1630434782608745
3 0.05434782608693922
25 0.1630434782608745
6 0.05434782608696764
27 0.1630434782608461
1 0.05434782608696764
22 0.1630434782608745
8 0.05434782608693922
20 0.1630434782608745
5 0.05434782608696764
22 0.1630434782608745
8 0.21739130434781373
1 0.05434782608696764
20 0.1630434782608745
8 0.05434782608693922
22 0.1630434782608745
5 0.05434782608696764
20 0.1630434782608461
8 0.05434782608696764
18 0.1630434782608745
3 0.05434782608693922
17 0.1630434782608745
10 0.05434782608696764
13 0.1630434782608745
6 0.05434782608693922
15 0.1630434782608745
10 0.21739130434784215
3 0.05434782608693922
13 0.1630434782608745
10 0.05434782608696764
15 0.1630434782608461
6 0.05434782608696764
17 0.1630434782608745
10 0.05434782608696764
18 0.1630434782608461
3 0.05434782608696764
20 0.1630434782608745
10 0.05434782608693922
22 0.1630434782608745
6 0.05434782608696764
15 0.1630434782608745
10 0.21739130434781373
3 0.05434782608696764
22 0.1630434782608745
10 0.05434782608693922
25 0.1630434782608745
6 0.05434782608696764
25 0.1630434782608461
10 0.05434782608696764
27 0.1630434782608745
-2 0.05434782608693922
22 0.1630434782608745
6 0.05434782608696764
20 0.1630434782608745
3 0.05434782608693922
22 0.1630434782608745
6 0.21739130434784215
-2 0.05434782608693922
20 0.1630434782608745
6 0.05434782608696764
22 0.1630434782608461
3 0.05434782608696764
25 0.1630434782608745
6 0.05434782608693922
27 0.1630434782608745
1 0.05434782608696764
22 0.1630434782608745
8 0.05434782608693922
20 0.1630434782608745
5 0.05434782608696764
22 0.1630434782608745
8 0.21739130434781373
1 0.05434782608696764
25 0.1630434782608461
8 0.05434782608696764
27 0.1630434782608745
5 0.05434782608696764
30 0.1630434782608461
8 0.05434782608696764
29 0.1630434782608745
3 0.05434782608693922
27 0.1630434782608745
10 0.05434782608696764
25 0.1630434782608745
6 0.05434782608693922
22 0.1630434782608745
10 0.21739130434784215
3 0.05434782608693922
20 0.1630434782608745
10 0.05434782608696764
22 0.1630434782608461
6 0.05434782608696764
20 0.1630434782608745
10 0.05434782608693922
18 0.1630434782608745
3 0.05434782608696764
17 0.1630434782608745
10 0.05434782608693922
13 0.1630434782608745
6 0.05434782608696764
15 0.1630434782608745
10 0.21739130434781373
3 0.05434782608696764
23 0.1630434782608461
10 0.05434782608696764
26 0.1630434782608745
6 0.05434782608693922
26 0.1630434782608745
10 0.05434782608696764
28 0.1630434782608745
-12 0.05434782608693922
23 0.21739130434784215
21 0.21739130434781373
23 0.4347826086956559
21 0.21739130434784215
23 0.21739130434781373
26 0.21739130434781373
28 0.1630434782608745
-10 0.05434782608696764
23 0.21739130434781373
21 0.21739130434784215
23 0.4347826086956559
21 0.21739130434781373
23 0.21739130434781373
21 0.21739130434784215
19 0.1630434782608745
-8 0.05434782608693922
18 0.21739130434784215
14 0.21739130434781373
16 0.4347826086956559
14 0.21739130434781373
16 0.21739130434784215
18 0.21739130434781373
19 0.21739130434784215
21 0.21739130434781373
23 0.21739130434784215
16 0.4347826086956559
23 0.21739130434781373
26 0.21739130434781373
26 0.21739130434784215
28 0.1630434782608745
-12 0.05434782608693922
23 0.21739130434784215
21 0.21739130434781373
23 0.4347826086956559
21 0.21739130434781373
23 0.21739130434784215
26 0.21739130434781373
28 0.1630434782608745
-10 0.05434782608696764
23 0.21739130434781373
21 0.21739130434784215
23 0.43478260869562746
21 0.21739130434784215
23 0.21739130434781373
21 0.21739130434784215
19 0.1630434782608745
-8 0.05434782608693922
18 0.21739130434784215
14 0.21739130434781373
16 0.4347826086956559
14 0.21739130434781373
16 0.21739130434784215
18 0.21739130434781373
19 0.21739130434784215
21 0.21739130434781373
23 0.21739130434784215
16 0.43478260869562746
23 0.21739130434784215
26 0.21739130434781373
26 0.21739130434784215
28 0.1630434782608745
-12 0.05434782608693922
23 0.21739130434784215
21 0.21739130434781373
23 0.4347826086956559
21 0.21739130434781373
23 0.21739130434784215
26 0.21739130434781373
28 0.1630434782608745
-10 0.05434782608696764
23 0.21739130434781373
21 0.21739130434784215
23 0.43478260869562746
21 0.21739130434784215
23 0.21739130434781373
21 0.21739130434784215
19 0.1630434782608745
-8 0.05434782608693922
18 0.21739130434784215
14 0.21739130434781373
16 0.4347826086956559
14 0.21739130434781373
16 0.21739130434784215
18 0.21739130434781373
19 0.21739130434784215
21 0.21739130434781373
23 0.21739130434781373
16 0.4347826086956559
23 0.21739130434784215
26 0.21739130434781373
26 0.21739130434784215
28 0.1630434782608461
-12 0.05434782608696764
23 0.21739130434784215
21 0.21739130434781373
23 0.4347826086956559
21 0.21739130434781373
23 0.21739130434784215
26 0.21739130434781373
28 0.1630434782608745
-10 0.05434782608696764
23 0.21739130434781373
21 0.21739130434781373
23 0.4347826086956559
26 0.21739130434784215
28 0.21739130434781373
31 0.21739130434784215
30 0.1630434782608461
-8 0.05434782608696764
28 0.21739130434781373
26 0.21739130434784215
23 0.4347826086956559
21 0.21739130434781373
23 0.21739130434784215
21 0.21739130434781373
19 0.21739130434784215
18 0.21739130434781373
13 0.21739130434781373
15 0.4347826086956559
1 0.21739130434784215
3 0.3260869565217206
3 0.21739130434784215
3 0.3260869565217206
3 0.326086956521749
3 0.21739130434784215
3 0.3260869565217206
3 0.326086956521749
3 0.21739130434781373
3 0.326086956521749
3 0.326086956521749
3 0.21739130434781373
3 0.326086956521749
3 0.3260869565217206
3 0.21739130434784215
3 0.3260869565217206
3 0.326086956521749
3 0.21739130434781373
3 0.326086956521749
3 0.326086956521749
3 0.21739130434781373
3 0.326086956521749
3 8786.815217391304
