17  .125
16  .125
14  .125
12  .125
10  .125
9   .125
7   .125
5   .125
9   .125
10  .125
9   .125
9   .125

17  .125
16  .125
14  .125
12  .125
10  .125
9   .125
7   .125
5   .125
7   .125
9   .125
7   .125
7   .125

17  .125
16  .125
14  .125
12  .125
10  .125
9   .125
7   .125
5   .125
9   .125
10  .125
9   .125
9   .125

12  .125
12  .125
12  .125
14  .125
16  .125
17  .125
12  .125
9   .125
7   .125
9   .125
7   .125
7   .125

9   .125
10  .125
12  .25
9   .125
12  .25
9   .125
12  .25
9   .125
12  .125

17  .125
16  .125
14  .25
10  .125
14  .25
10  .125
14  .25
10  .125
14  .25

16  .125
17  .25
19  .125
21  .25
19  .125
17  .125
16  .125
14  .125
12  .25
12  .125
12  .125
14  .125
16  .125
17  .125
12  .125
9   .125
7   .125
9   .125
7   .125
5   .5

