17 0.15
17 0.3
17 0.3

13 0.15
17 0.3

21 0.6

7 0.6



13 0.45
7 0.45

3 0.45

9 0.3
11 0.3

10 0.15
9 0.3



5 0.2
17 0.2
21 0.2

23 0.3
19 0.15
21 0.3

17 0.3
13 0.15

15 0.15
11 0.45



13 0.45
7 0.45

3 0.45

9 0.3
11 0.3

10 0.15
9 0.3



5 0.2
17 0.2
21 0.2

23 0.3
19 0.15
21 0.3

17 0.3
13 0.15

15 0.15
11 0.75



21 0.15
20 0.15

19 0.15
15 0.3
17 0.3

8 0.15
9 0.15
13 0.3

9 0.15
13 0.15
15 0.45



21 0.15
20 0.15

19 0.15
15 0.3
17 0.3

23 0.3
23 0.15
23 0.6



21 0.15
20 0.15

19 0.15
15 0.3
17 0.3

8 0.15
9 0.15
13 0.3

9 0.15
13 0.15
15 0.45



16 0.45

15 0.45

13 1.2



21 0.15
20 0.15

19 0.15
15 0.3
17 0.3

8 0.15
9 0.15
13 0.3

9 0.15
13 0.15
15 0.45



21 0.15
20 0.15

19 0.15
15 0.3
17 0.3

23 0.3
23 0.15
23 0.6



21 0.15
20 0.15

19 0.15
15 0.3
17 0.3

8 0.15
9 0.15
13 0.3

9 0.15
13 0.15
15 0.45



16 0.45

15 0.45

13 1.2



13 0.15
13 0.3
13 0.3

13 0.15
15 0.3

17 0.15
13 0.3
9 0.15

7 0.6



13 0.15
13 0.3
13 0.3

13 0.15
15 0.15
17 1.35



13 0.15
13 0.3
13 0.3

13 0.15
15 0.3

17 0.15
13 0.3
9 0.15

7 0.6

17 0.15
17 0.3
17 0.3

13 0.15
17 0.3

21 0.6

7 0.6



13 0.45
7 0.45

3 0.45

9 0.3
11 0.3

10 0.15
9 0.3



5 0.2
17 0.2
21 0.2

23 0.3
19 0.15
21 0.3

17 0.3
13 0.15

15 0.15
11 0.45



17 0.15
13 0.3
7 0.45

8 0.3

9 0.15
19 0.3
19 0.15

9 0.6



11 0.2
23 0.2
23 0.2

23 0.2
21 0.2
19 0.2

17 0.15
13 0.3
9 0.15

7 0.6



17 0.15
13 0.3
7 0.45

8 0.3

9 0.15
19 0.3
19 0.15

9 0.6



11 0.15
19 0.3
19 0.15

19 0.2
17 0.2
15 0.2

13 0.15
9 0.3
9 0.15
6 0.6




17 0.15
13 0.3
7 0.45

8 0.3

9 0.15
19 0.3
19 0.15

9 0.6



11 0.2
23 0.2
23 0.2

23 0.2
21 0.2
19 0.2

17 0.15
13 0.3
9 0.15

7 0.6



17 0.15
13 0.3
7 0.45

8 0.3

9 0.15
19 0.3
19 0.15

9 0.6



11 0.15
19 0.3
19 0.15

19 0.2
17 0.2
15 0.2

13 0.15
9 0.3
9 0.15
6 0.6



13 0.15
13 0.3
13 0.3

13 0.15
15 0.3

17 0.15
13 0.3
9 0.15

7 0.6



13 0.15
13 0.3
13 0.3

13 0.15
15 0.15
17 1.35



13 0.15
13 0.3
13 0.3

13 0.15
15 0.3

17 0.15
13 0.3
9 0.15

7 0.6

17 0.15
17 0.3
17 0.3

13 0.15
17 0.3

21 0.6

7 0.6



17 0.15
13 0.3
7 0.45

8 0.3

9 0.15
19 0.3
19 0.15

9 0.6



11 0.2
23 0.2
23 0.2

23 0.2
21 0.2
19 0.2

17 0.15
13 0.3
9 0.15

7 0.6



17 0.15
13 0.3
7 0.45

8 0.3

9 0.15
19 0.3
19 0.15

9 0.6



11 0.15
19 0.3
19 0.15

19 0.2
17 0.2
15 0.2

13 0.15
9 0.3
9 0.15
6 0.6



13 0.45
7 0.45

3 0.3

9 0.2
11 0.2
9 0.2



8 0.3
10 0.3

8 0.3
7 0.15
6 0.15

7 1.6