			0	0.001	5	0.159
			0	0.001	5	0.159
			5	0.001	12	0.319

			0	0.001	5	0.159
			0	0.001	5	0.159
			6	0.001	13	0.319

			0	0.001	5	0.159
			0	0.001	5	0.159
			5	0.001	12	0.319

			0	0.001	5	0.159
			0	0.001	5	0.159
1	0.001	4	0.001	9	0.318

			0	0.001	5	0.159
			0	0.001	5	0.159
			5	0.001	12	0.319

			0	0.001	5	0.159
			0	0.001	5	0.159
10	0.001	13	0.001	16	0.318

			12	0.001	17	0.639



			0	0.001	5	0.639



8	0.001	13	0.001	15	0.638



-7	0.001	-4	0.001	3	0.638



			0	0.001	5	0.159
			0	0.001	5	0.159
			5	0.001	12	0.319

			0	0.001	5	0.159
			0	0.001	5	0.159
			6	0.001	13	0.319

			0	0.001	5	0.159
			0	0.001	5	0.159
			8	0.001	15	0.319

			0	0.001	5	0.159
			0	0.001	5	0.159
10	0.001	13	0.001	16	0.318

9	0.001	12	0.001	17	1.278







-7	0.001				17	0.879











						-2	0.10
						2	0.10
						5	0.10
						9	0.10
-2	0.001	2	0.001	10	0.438



-2	0.001	2	0.001	10	0.658





-2	0.001	2	0.001	10	0.108
-2	0.001	2	0.001	10	0.108
-2	0.001	2	0.001	10	0.438



-2	0.001	2	0.001	10	0.438



-2	0.001	2	0.001	10	0.438



-4	0.001	0	0.001	8	0.146
                        8	0.146
                        8	0.146

-4	0.001	0	0.001	8	0.145
                        8	0.146
-3	0.001	1	0.001	9	0.145

-2	0.001	2	0.001	10	0.438



-7	0.220

-2	0.001	            14	0.219

                        17	0.220
                        
-7  0.220

-2  0.440



-4	0.001   3	0.439



-9	0.220

-4	0.001	            8	0.219

                        20	0.220

-9  0.220

-4  0.220

                        19  0.110
                        18  0.110
-2  0.001               17  0.439



-7  0.220

-2  0.220

            8   0.220

-7  0.220

-2  0.220

            7   0.110
            6   0.110
-2  0.001   5   0.439



-7  0.220

-2  0.220

            3   0.220

-7  0.110
            2   0.110
-2  0.220

            3   0.220

-2	0.001	5	0.001	10	0.438



-7	0.220

-2	0.001	            14	0.219

                        17	0.220
                        
-7  0.220

-2  0.440



-4	0.001   3	0.439



-9	0.220

-4	0.220

            7   0.001   15  0.219

-9  0.110
            5   0.001   14  0.110
-4  0.220

            7   0.001   15  0.219

-2	0.001	14	0.001	17	0.438



-7  0.220

-2  0.220

            8   0.220

-7  0.110
            7   0.110
-2  0.220

            3   0.220

-2	0.001	5	0.438



-7	0.220

-2  0.440



-7  0.001   2   0.219

-2  0.001   3   0.219

            5   0.220

-2	0.001	2	0.001	10	0.438



-7	0.220

-2	0.001	            14	0.219

                        17	0.220
                        
-7  0.220

-2  0.440



-4	0.001   3	0.439



-9	0.220

-4	0.001	            8	0.219

                        20	0.220

-9  0.220

-4  0.220

                        19  0.110
                        18  0.110
-2  0.001               17  0.439



-7  0.220

-2  0.220

            8   0.220

-7  0.220

-2  0.220

            7   0.110
            6   0.110
-2  0.001   5   0.439



-7  0.220

-2  0.220

            3   0.220

-7  0.110
            2   0.110
-2  0.220

            3   0.220

-2	0.001	        	5	0.439



-7	0.220

-2	0.001	            14	0.219

                        17	0.220
                        
-7  0.220

-2  0.440



-4	0.001   3	0.439



-9	0.220

-4	0.220

            8   0.220

-9  0.110
            7   0.110
-4  0.220

            8   0.220

-2  0.001   5   0.001   10  0.438



-7  0.220

-2  0.001   8   0.001   13  0.218

            5   0.001   10  0.220

-7  0.220

-2  0.440



-2  0.440



-7  0.220

0   0.220

            8   0.001   12  0.219

-4  0.220

0   0.220

3   0.220

1   0.001   5   0.001   13  0.438



-4  0.220

1   0.001               8   0.109
                        8   0.110
                        8   0.220

-4  0.220

1   0.001   7   0.219

-4  0.220

1   0.001   5   0.001   8   0.438



-4  0.220

1   0.220

                        13  0.220

-4  0.220

1  0.001                14  0.219

-4  0.220

3   0.001   7   0.001   15  0.438



-2  0.220

3   0.001               10  0.109
                        10  0.110
                        10  0.220

-2  0.220

3   0.001   8   0.219

-2  0.220

3   0.001   7   0.001   10  0.438



-2  0.220

3   0.220

                        15  0.220

-2  0.220

3   0.001               16  0.219

-2  0.220

-7  0.001               17  0.219

-7  0.110
-7  0.001               5   0.109
-7  0.220

-7  0.110
-7  0.001               5   0.109
-7  0.220

-7  0.110
-7  0.001               5   0.109
-7  0.220

-7  0.110
-7  0.001               5   0.109
-7  0.220

-7  0.110
-7  0.001               5   0.109
-7  0.220

-7  0.110
-7  0.001               5   0.109
3   0.001               15  0.329


3   0.001               15  0.329


4   0.001               16  0.219

-7  0.001               17  0.219

-7  0.110
-7  0.001               5   0.109
-7  0.220

-7  0.110
-7  0.001               5   0.109
-7  0.220

-7  0.110
-7  0.001               5   0.109
-7  0.220

-7  0.110
-7  0.001               5   0.109
-7  0.001               5   0.219

-7  0.110
-7  0.001               5   0.109
-7  0.220

-7  0.110
-7  0.001               5   0.109
3   0.001   7   0.001   15  0.328


3   0.001   7   0.001   15  0.328


2   0.001   4   0.001   14  0.218

-2	0.001	2	0.001	10	0.438



-7	0.220

-2	0.001	            14	0.219

                        17	0.220
                        
-7  0.220

-2  0.440



-4	0.001   3	0.439



-9	0.220

-4	0.001	            8	0.219

                        20	0.220

-9  0.220

-4  0.220

                        19  0.110
                        18  0.110
-2  0.001               17  0.439



-7  0.220

-2  0.220

            8   0.220

-7  0.220

-2  0.220

            7   0.110
            6   0.110
-2  0.001   5   0.439



-7  0.220

-2  0.220

            3   0.220

-7  0.110
            2   0.110
-2  0.220

            3   0.220

-2	0.001	5	0.001	10	0.438



-7	0.220

-2	0.001	            14	0.219

                        17	0.220
                        
-7  0.220

-2  0.440



-4	0.001   3	0.439



-9	0.220

-4	0.220

            7   0.001   15  0.219

-9  0.110
            5   0.001   14  0.110
-4  0.220

            7   0.001   15  0.219

-2	0.001	14	0.001	17	0.438



-7  0.220

-2  0.220

            8   0.220

-7  0.110
            7   0.110
-2  0.220

            3   0.220

-2	0.001	5	0.438



-7	0.220

-2  0.440



-7  0.001   2   0.219

-2  0.001   3   0.219

            5   0.220

-2	0.001	2	0.001	10	0.438



-7	0.220

-2	0.001	            14	0.219

                        17	0.220
                        
-7  0.220

-2  0.440



-4	0.001   3	0.439



-9	0.220

-4	0.001	            8	0.219

                        20	0.220

-9  0.220

-4  0.220

                        19  0.110
                        18  0.110
-2  0.001               17  0.439



-7  0.220

-2  0.220

            8   0.220

-7  0.220

-2  0.220

            7   0.110
            6   0.110
-2  0.001   5   0.439



-7  0.220

-2  0.220

            3   0.220

-7  0.110
            2   0.110
-2  0.220

            3   0.220

-2	0.001	        	5	0.439



-7	0.220

-2	0.001	            14	0.219

                        17	0.220
                        
-7  0.220

-2  0.440



-4	0.001   3	0.439



-9	0.220

-4	0.220

            8   0.220

-9  0.110
            7   0.110
-4  0.220

            8   0.220

-2  0.001   5   0.001   10  0.438



-7  0.220

-2  0.001   8   0.001   13  0.218

            5   0.001   10  0.220

-7  0.220

-2  0.440



-2  0.440



-7  0.220

0   0.220

            8   0.001   12  0.219

-4  0.220

0   0.220

3   0.220

1   0.001   5   0.001   13  0.438



-4  0.220

1   0.001               8   0.109
                        8   0.110
                        8   0.220

-4  0.220

1   0.001   7   0.219

-4  0.220

1   0.001   5   0.001   8   0.438



-4  0.220

1   0.220

                        13  0.220

-4  0.220

1  0.001                14  0.219

-4  0.220

3   0.001   7   0.001   15  0.438



-2  0.220

3   0.001               10  0.109
                        10  0.110
                        10  0.220

-2  0.220

3   0.001   8   0.219

-2  0.220

3   0.001   7   0.001   10  0.438



-2  0.220

3   0.220

                        15  0.220

-2  0.220

3   0.001               16  0.219

-2  0.220

-7  0.001               17  0.219

-7  0.110
-7  0.001               5   0.109
-7  0.220

-7  0.110
-7  0.001               5   0.109
-7  0.220

-7  0.110
-7  0.001               5   0.109
-7  0.220

-7  0.110
-7  0.001               5   0.109
-7  0.220

-7  0.110
-7  0.001               5   0.109
-7  0.220

-7  0.110
-7  0.001               5   0.109
3   0.001               15  0.329


3   0.001               15  0.329


4   0.001               16  0.219

-7  0.001               17  0.219

-7  0.110
-7  0.001               5   0.109
-7  0.220

-7  0.110
-7  0.001               5   0.109
-7  0.220

-7  0.110
-7  0.001               5   0.109
-7  0.220

-7  0.110
-7  0.001               5   0.109
-7  0.001               5   0.219

-7  0.110
-7  0.001               5   0.109
-7  0.220

-7  0.110
-7  0.001               5   0.109
3   0.001   7   0.001   15  0.328


3   0.001   7   0.001   15  0.328


2   0.001   4   0.001   14  0.218

-2	0.001	2	0.001	10	1.758


