
11 .25
10 .25
8 .25
8 .35  
10 .4
 
 -50 2.25

1 .25
11 .25
10 .25
8 .25
8 .5
10 .5
 -100 .20
6 .5
8 .25
1 .5

 -50 1.25

1 .25
8 .5
10 .25
11 .75
8 .25
5 .5
6 .75
8 .5
1 .25
1 .5
10 .5

 -50 2.0

11 .25
10 .25
8 .25
8 .25
10 .5

 -50 2.25

1 .25
11 .25
10 .25
8 .25
8 .5
 -50 .25
10 .25
6 .5 
 -50 .25
8 .25
1 .5

 -50 1.5

8 .5
10 .25
11 .75
8 .25
5 .5
6 .25
8 .25
 -50 .25
1 .25
6 .25
8 .25
9 .25
8 .25
6 .25
4 .25

 -50 .45

1 .25
2 .25
4 .5
9 .5
8 .25
6 .25
6 .25
4 .25
6 .25
4 .25
4 .5
4 .5

1 .25
2 .25
4 .5
9 .5
11 .25
9 .25
8 .25
6 .25
6 .25
8 .25
9 .5
9 .5

11 .25
13 .25
14 .25
14 .25
13 .5
11 .5
9 .25
11 .25
13 .25
13 .25
11 .5
9 .5
6 .25
4 .25
6 .25
9 .25
9 .25
8 .5
8 .25
10 .25
10 .75

