0 .4
3 .4
7 .4
12 .4
-1 .005
14 .4
7 .4
14 .4

-2 .005
15 .4
7 .4
3 .4
15 .4
-3 .005
9 .4
5 .4
0 .4
8 .4

-4 .005
7 .4
3 .4
0 .4
7 .4
3 .4
0 .4
7 .4
0 .4

-10 .005
-2 .4
-12 .005
0 .4
-12 .005
0 1.4
-12 .4
-7 .4
-9 .4

0 .4
3 .4
7 .4
12 .4
-1 .005
14 .4
7 .4
14 .4

-2 .005
15 .4
7 .4
3  .4
15 .4
-3 .005
9 .4
5 .4
0 .4
8 .4

-4 .005
7 .4
3 .4
0 .4
7 .4
3 .4
0 .4
7 .4
0 .4

-10 .005
-2 .4
-12 .005
0 .4
-12 .005
0 1.6

0 .4
2 .4

-12 .005
3 .4
-5 .4
2 .4
0 .4
-5 .005
2 .4
-1 .4
0 .4
2 .4

-5 .005
3 .4
-2 .4
5 .4
3 .4
-3 .005
2 .4
-3 .4
0 .4
3 .4
5 .4

-4 .005
3 .005
7 .8
5 .4
3 .4
2 .4
0 1.0
-2 .4

-10 .005
-7 .005
-2 .8
-12 .005
-9 .005
-5 .005
0 .8

-100 .8

0 .4
2 .4

-12 .005
3 .4
-5 .4
2 .4
0 .4
-5 .005
2 .4
-1 .4
0 .4
2 .4

-5 .005
3 .4
-2 .4
5 .4
3 .4
-3 .005
2 .4
-3 .4
0 .4
3 .4
5 .4

-4 .005
3 .005
7 .8
5 .4
3 .4
2 .8
0 .4
-2 .4

-9 .8
3 .4
7 .4
-7 .005
-3 .005
5 1.6

-4 .005
0 .005
5 .8
3 .4
2 .4
-12 .005
3 .4
0 .4
0 .4
2 .4

-9 .005
3 .4
5 .4
7 .4
5 .4
-2 .005
5 .4
3 .4
2 .4
-2 .4

-7 .005
-2 .8
-7 .005
-3 .005
0 2.4

-4 1.6
3 .8
5 .8

-4 .005
0 .005
3 .005
7 .8
5 .4
-5 .005
0 .005
3 .8
2 .8

3 .4
2 .4
0 .4
-2 .4
-100 .8
-2 .8

-12 .005
-9 .005
-5 .005
3 .4
0 3.2