1 0.4
8 0.4
6 0.4
1 0.4
5 0.4
1 0.2
5 0.6
6 0.8

1 0.4
6 0.4
1 0.4
5 0.4
1 0.2
5 0.6
6 0.4

1 0.4
8 0.4
6 0.4
1 0.4
5 0.4
1 0.2
5 0.6
6 0.8

1 0.4
6 0.4
10 0.4
8 0.4
8 0.2
6 0.4
6 0.2
8 0.4

1 0.4
8 0.4
6 0.4
1 0.4
5 0.4
1 0.2
5 0.6
6 0.8

1 0.4
6 0.4
1 0.4
5 0.4
1 0.2
5 0.6
6 0.4

1 0.4
8 0.4
6 0.4
1 0.4
5 0.4
1 0.2
5 0.6
6 0.8

1 0.4
6 0.4
10 0.4
8 0.4
8 0.2
6 0.4
6 0.2
8 0.4








1 1.6
13 1.6
8 3.2
6 1.6
13 1.6
1 3.2

1 1.6
5 1.6
17 2.4
18 0.8
17 1.6
8 1.6
1 1.6

1 1.6
13 0.8
10 0.8
8 0.8
6 0.8
5 0.8
6 0.8
8 1.6
17 1.6
16 0.4
15 0.4
13 1.6



