-50 .125

8 .125
8 .125
8 .125
8 .125
5 .125

-50 .125

5 .125
8 .125
8 .125
8 .125
5 .125

-50 .125

15 .125
13 .125
15 .125

-50 .125

8 .125
8 .125
8 .125
8 .125
5 .125

-50 .125

12 .125

-50 .125

10 .125

-50 .125

8 .125

-50 .125

10 .125

-50 .125
-50 .125
-50 .125

10 .125
10 .125
10 .125
10 .125
6 .125

-50 .125

12 .125

-50 .125

10 .125

-50 .125

8 .125

-50 .125

6 .125

-50 .125

5 .125

-50 .125

5 .125
12 .125
15 .125
14 .375
5 .125

-50 .125

5 .125
12 .125
15 .125
14 .250

19 .125
20 .125

-50 .125

8 .125
8 .125
8 .125
8 .125
5 .125

-50 .125

5 .125
8 .125
8 .125
8 .125
5 .125

-50 .125

15 .125
13 .125
15 .125

-50 .125

8 .125
8 .125
8 .125
8 .125
5 .125

-50 .125

12 .125

-50 .125

10 .125

-50 .125

8 .125

-50 .125

10 .125

-50 .125
-50 .125
-50 .125

10 .125
10 .125
10 .125
10 .125
6 .125

-50 .125

12 .125

-50 .125

10 .125

-50 .125

8 .125

-50 .125

6 .125

-50 .125

5 .125

-50 .125

5 .125
12 .125
15 .125
14 .375
5 .125

-50 .125

5 .125
12 .125
15 .125
14 .250

15 .125
17 .875
15 .125
20 .25
17 .25
15 .25
17 .375
15 .5

15 .125
17 .375
12 .125
13 .125
12 .125
8 .125

-50 .125

8 .125
12 .125

15 .125
17 .875
15 .125
20 .25
17 .25
15 .25
17 .25
15 .625

15 .125
12 .125
15 .125
16 .125

-50 .125

16 .125
16 .125
19 .125
24 .5

-50 .125

8 .125
8 .125
8 .125
8 .125
5 .125

-50 .125

5 .125
8 .125
8 .125
8 .125
5 .125

-50 .125

15 .125
13 .125
15 .125

-50 .125

8 .125
8 .125
8 .125
8 .125
5 .125

-50 .125

12 .125

-50 .125

10 .125

-50 .125

8 .125

-50 .125

10 .125

-50 .125
-50 .125
-50 .125

10 .125
10 .125
10 .125
10 .125
6 .125

-50 .125

12 .125

-50 .125

10 .125

-50 .125

8 .125

-50 .125

6 .125

-50 .125

5 .125

-50 .125

5 .125
12 .125
15 .125
14 .375
5 .125

-50 .125

5 .125
12 .125
15 .125
14 .250

15 .125
17 .625
17 .25
15 .125
17 .125

-50 .125

20 .375
24 .125
22 .125
20 .125
19 .125
17 .5
17 .25
15 .125
17 .125

-50 .125

20 .375
20 .125
22 .125
20 .25

19 .5
19 .125
17 .125
15 .125
24 .375
22 .25
20 .25
19 .25
19 .125
20 .125
19 .125
17 1.375

15 .125
17 .875

15 .125
20 .25
17 .25
15 .25
17 .375
15 .5

15 .125
17 .375
12 .125
13 .125
12 .125
8 .125

-50 .125

8 .125
12 .125
15 .125
17 .75

15 .125
20 .25
17 .25
15 .25
17 .25
15 .625

15 .125
12 .125
15 .125
16 .125

-50 .125

16 .125
16 .125
19 .125
24 .375

8 .125

-50 .125

8 .125
8 .125
7 .125
8 .25

17 .125
15 .25
13 .25
12 .375
10 .25
10 .125

-50 .125

12 .125
12 .25
12 .25

-50 .125

10 .125

-50 .125

12 .125
12 .25
12 .25
10 .125
8 .125

-50 .125

8 .125
8 .125
7 .125
8 .25

17 .125
15 .25
13 .25
12 .25
10 .375

7 .125
8 .125
7 .125
5 1.625